https://ttsmaker.com/zh-cn
2023-1984=39
39*30*365=427050
24*30*365=262800
262800*2=525600
262800*3=788400

//wxh
2005-1984=20+1
	e
	e
		e
20*30*365=219000
//klz_lao:bp_ap.bj

2016-2005:11
2016
//lzg
2018:2 //12.22
//pzs
2019
2020
2021
2022.4
//rst
39-15

0x	1983
01	1984
02	1985
03	1986
04	1987
05	1988
06	1989
07	1990
08	1991
09	1992
10	1993
11	1994
12	1995
13	1996
14	1997
15	1998
16	1999
17	2000
18	2001
19	2002
20	2003
21	2004
22	2005
23	2006
24	2007
25	2008
26	2009
27	2010
28	2011
29	2012
30	2013
31	2014
32	2015
33	2016
34	2017
35	2018
36	2019
37	2020
38	2021
39	2022
40	2023
